
0.000000
-0.000000
-0.000000
-0.000000
-0.000000
1.035727
0.000000
-0.000000
-0.000000
-0.000000
2.454826
0.000000
0.000000
-0.000000
-0.000000
0.828990
0.000000
0.000000
0.000000
0.000000
2.908147
0.000000
0.000000
0.000000
0.000000
-1.818750
-0.000000
-0.000000
-0.000000
-0.000000
0.714509
0.000000
0.000000
0.000000
0.000000
-2.712937
-0.000000
-0.000000
0.000000
0.000000
-0.487032
-0.000000
-0.000000
-0.000000
-0.000000
1.785058
0.000000
0.000000
0.000000
0.000000
-2.068078
-0.000000
-0.000000
-0.000000
-0.000000
0.389888
0.000000
0.000000
-0.000000
-0.000000
2.777249
0.000000
0.000000
0.000000
0.000000
-1.100081
-0.000000
-0.000000
-0.000000
-0.000000
1.337289
0.000000
0.000000
0.000000
0.000000
-2.473311
-0.000000
-0.000000
-0.000000
-0.000000
0.331399
0.000000
0.000000
0.000000
0.000000
-2.029120
-0.000000
-0.000000
-0.000000
-0.000000
1.211404
0.000000
0.000000
0.000000
0.000000
-2.829529
-0.000000
0.000000
0.000000
0.000000
-0.370933
-0.000000
-0.000000
-0.000000
-0.000000
2.542888
0.000000
0.000000
0.000000
0.000000
-1.145629
-0.000000
-0.000000
-0.000000
-0.000000
1.373564
0.000000
0.000000
0.000000
0.000000
-1.719482
-0.000000
-0.000000
-0.000000
-0.000000
1.085584
0.000000
0.000000
0.000000
0.000000
-2.700843
-0.000000
-0.000000
-0.000000
0.000000
-0.225436
-0.000000
-0.000000
-0.000000
-0.000000
2.232199
0.000000
0.000000
0.000000
0.000000
-1.623783
-0.000000
-0.000000
-0.000000
-0.000000
0.716028
0.000000
0.000000
0.000000
0.000000
3.111362
0.000000
0.000000
0.000000
0.000000
-0.740189
-0.000000
-0.000000
-0.000000
-0.000000
1.415667
0.000000
0.000000
0.000000
0.000000
-3.128124
0.000000
0.000000
0.000000
0.000000
-2.310929
-0.000000
-0.000000
-0.000000
0.000000
-0.261176
-0.000000
-0.000000
-0.000000
-0.000000
2.321684
0.000000
0.000000
0.000000
0.000000
-1.402096
-0.000000
-0.000000
-0.000000
-0.000000
0.868259
0.000000
0.000000
0.000000
0.000000
-2.995496
-0.000000
0.000000
0.000000
0.000000
-0.471082
-0.000000
-0.000000
-0.000000
-0.000000
1.963836
0.000000
0.000000
0.000000
0.000000
-1.755168
-0.000000
-0.000000
-0.000000
-0.000000
0.685636
0.000000
0.000000
0.000000
0.000000
-3.128678
0.000000
0.000000
0.000000
0.000000
-0.435774
-0.000000
-0.000000
-0.000000
-0.000000
1.858480
0.000000
0.000000
0.000000
0.000000
-2.146888
-0.000000
-0.000000
-0.000000
-0.000000
0.583492
0.000000
0.000000
0.000000
0.000000
3.064650
0.000000
0.000000
0.000000
0.000000
-1.022816
-0.000000
-0.000000
-0.000000
-0.000000
1.301162
0.000000
0.000000
0.000000
0.000000
-2.399700
-0.000000
-0.000000
-0.000000
-0.000000
-0.031982
-0.000000
-0.000000
-0.000000
-0.000000
1.815577
0.000000
0.000000
0.000000
-0.000000
2.417914
0.000000
0.000000
0.000000
0.000000
-1.946103
-0.000000
-0.000000
-0.000000
-0.000000
0.424322
0.000000
0.000000
-0.000000
-0.000000
2.774737
0.000000
0.000000
0.000000
0.000000
-1.029481
-0.000000
-0.000000
-0.000000
-0.000000
1.398941
0.000000
0.000000
0.000000
0.000000
-2.405530
-0.000000
-0.000000
-0.000000
-0.000000
0.447520
0.000000
0.000000
0.000000
0.000000