
11.875801
12.116754
12.910648
14.530228
17.745151
25.231894
55.352180
-109.077624
-23.145662
-11.679283
-7.212708
-4.866536
-3.437254
-2.485080
-1.811496
-1.313982
-0.934380
-0.637319
-0.400103
-0.207533
-0.049067
0.082820
0.193633
0.287485
0.367510
0.436127
0.495238
0.546351
0.590682
0.629215
0.662759
0.691984
0.717447
0.739617
0.758893
0.775613
0.790067
0.802508
0.813154
0.822195
0.829800
0.836118
0.841282
0.845410
0.848610
0.850979
0.852606
0.853574
0.853958
0.853829
0.853256
0.852300
0.851024
0.849485
0.847742
0.845851
0.843868
0.841849
0.839850
0.837930
0.836148
0.834565
0.833246
0.832259
0.831676
0.831574
0.832037
0.833155
0.835028
0.837764
0.841484
0.846324
0.852434
0.859987
0.869178
0.880228
0.893397
0.908984
0.927340
0.948880
0.974098
1.003587
1.038069
1.078428
1.125762
1.181456
1.247276
1.325517
1.419214
1.532475
1.670993
1.842904
2.060248
2.341643
2.717485
3.241024
4.014812
5.264974
7.607608
13.526707
56.621572
-26.955801
-11.095473
-7.080206
-5.255370
-4.216962
-3.549593
-3.086580
-2.748044
-2.490910
-2.289902
-2.129204
-1.998417
-1.890420
-1.800172
-1.724006
-1.659187
-1.603637
-1.555745
-1.514246
-1.478131
-1.446583
-1.418940
-1.394651
-1.373261
-1.354387
-1.337706
-1.322943
-1.309860
-1.298257
-1.287956
-1.278804
-1.270668
-1.263430
-1.256985
-1.251244
-1.246123
-1.241551
-1.237462
-1.233800
-1.230513
-1.227553
-1.224878
-1.222453
-1.220241
-1.218213
-1.216342
-1.214602
-1.212972
-1.211431
-1.209962
-1.208549
-1.207177
-1.205835
-1.204512
-1.203198
-1.201885
-1.200568
-1.199240
-1.197899