
0.000000
1.096412
2.352024
4.015156
6.642660
12.055401
32.578755
-77.341250
-19.493549
-11.586154
-8.394840
-6.645036
-5.526823
-4.742835
-4.157922
-3.701663
-3.333671
-3.029076
-2.771690
-2.550506
-2.357761
-2.187820
-2.036482
-1.900552
-1.777552
-1.665527
-1.562917
-1.468458
-1.381115
-1.300033
-1.224498
-1.153910
-1.087761
-1.025617
-0.967106
-0.911909
-0.859746
-0.810377
-0.763591
-0.719201
-0.677045
-0.636980
-0.598878
-0.562628
-0.528129
-0.495293
-0.464042
-0.434306
-0.406024
-0.379141
-0.353609
-0.329385
-0.306434
-0.284724
-0.264228
-0.244922
-0.226791
-0.209818
-0.193995
-0.179315
-0.165777
-0.153381
-0.142137
-0.132053
-0.123145
-0.115434
-0.108946
-0.103714
-0.099776
-0.097179
-0.095979
-0.096240
-0.098039
-0.101468
-0.106631
-0.113654
-0.122685
-0.133899
-0.147504
-0.163750
-0.182936
-0.205427
-0.231669
-0.262213
-0.297747
-0.339139
-0.387504
-0.444291
-0.511429
-0.591519
-0.688182
-0.806594
-0.954421
-1.143522
-1.393267
-1.737596
-2.241886
-3.050302
-4.555652
-8.341700
-35.831084
17.444391
7.318836
4.745264
3.567971
2.891785
2.451867
2.141950
1.911113
1.731904
1.588212
1.469966
1.370543
1.285413
1.211371
1.146086
1.087825
1.035271
0.987407
0.943434
0.902717
0.864745
0.829104
0.795450
0.763503
0.733026
0.703821
0.675722
0.648583
0.622286
0.596725
0.571811
0.547464
0.523618
0.500214
0.477199
0.454530
0.432167
0.410075
0.388223
0.366585
0.345137
0.323858
0.302729
0.281735
0.260860
0.240092
0.219419
0.198832
0.178322
0.157881
0.137501
0.117176
0.096902
0.076672
0.056483
0.036330
0.016209
-0.003882
-0.023948